19 103 208 0 0 0 42 161 179 3 75 166 215 171 32 255 255 255 199 192 149 0 0 0 81 96 138 198 215 251 198 215 251 255 255 153 
107 55 229 108 75 207 147 116 194 234 195 233 55 11 6 12 3 6 12 3 6 12 3 6 172 176 227 220 136 20 14 191 50 211 24 210 
185 207 180 36 3 43 138 141 133 186 239 192 3 19 87 2 1 72 143 194 237 15 8 24 132 122 122 212 234 220 58 219 145 141 183 178 
90 41 224 115 100 227 75 22 219 31 72 158 4 1 34 4 1 34 4 1 34 4 1 34 157 86 14 200 152 248 39 193 15 238 117 49 
165 29 34 132 16 29 236 159 122 251 128 79 14 8 66 12 1 28 10 1 11 10 1 11 122 180 42 96 157 4 130 168 122 245 37 132 





